100  
40  2698  2381  
80  694  2023  
33  1127  1085  
35  1074  1102  
100  2298  95  
55  2500  2100  
97  1999  1194  
38  165  2452  
3  1851  823  
72  1006  187  
22  3229  2255  
65  643  1851  
70  1730  901  
13  1443  1725  
73  2412  891  
15  2906  502  
93  1102  978  
99  2328  271  
22  3251  326  
28  1682  1738  
4  2713  2031  
63  3257  1938  
15  3171  354  
56  1382  681  
42  3222  1235  
19  260  81  
87  3552  954  
31  2055  2184  
52  1932  1809  
28  280  2077  
41  3571  1062  
79  1097  1670  
84  3315  742  
68  2749  2354  
34  13  1213  
57  879  991  
7  1141  194  
85  572  740  
94  3512  211  
17  1107  2063  
83  2908  1265  
84  1962  1806  
95  966  1987  
78  3121  1938  
64  1993  1549  
34  2236  1116  
27  2402  1144  
19  480  786  
22  1877  330  
57  461  1381  
13  1278  1430  
45  1437  2297  
69  716  406  
78  292  683  
24  270  1153  
68  3226  1905  
83  3746  1005  
34  753  1083  
29  520  2069  
23  2390  429  
1  1280  2014  
59  2747  954  
27  3441  885  
40  2824  1358  
76  3130  1129  
81  1153  1546  
48  1925  2448  
27  1021  400  
65  1211  270  
63  1506  1210  
64  1497  2239  
32  678  224  
91  2726  1365  
32  2845  989  
89  3553  877  
59  663  2402  
95  3127  361  
87  1370  2194  
49  2738  771  
8  2266  1686  
35  2301  393  
80  1346  1274  
70  662  920  
80  2978  206  
32  337  1345  
33  2823  1035  
2  2031  1781  
48  3728  253  
56  1910  944  
17  2591  2172  
70  1117  283  
86  2421  2252  
2  1513  2334  
9  669  252  
32  1839  204  
4  841  394  
93  2788  2066  
59  2864  1509  
4  2155  343  
55  2877  2115  
